{"model":{"version":2,"nodes":[{"name":"RootNode","position":[0,0,0],"rotation":[0,0,0],"scale":[1,1,1],"scaleCompensation":false},{"name":"SD_all","position":[0,0,0],"rotation":[0,0,0],"scale":[0.184358,0.184358,0.184358],"scaleCompensation":false},{"name":"belt","position":[0,0,0],"rotation":[0,-0,0],"scale":[1,1,1],"scaleCompensation":false},{"name":"leg","position":[0,0,0],"rotation":[0,-0,0],"scale":[1,1,1],"scaleCompensation":false},{"name":"skart","position":[0,0,0],"rotation":[0,-0,0],"scale":[1,1,1],"scaleCompensation":false},{"name":"body","position":[0,0,0],"rotation":[0,-0,0],"scale":[1,1,1],"scaleCompensation":false},{"name":"face","position":[0,0,0],"rotation":[0,0,0],"scale":[1,1,1],"scaleCompensation":false},{"name":"face","position":[0,0,0],"rotation":[0,-0,0],"scale":[1,1,1],"scaleCompensation":false},{"name":"eyeball2","position":[0,0,0],"rotation":[0,-0,0],"scale":[1,1,1],"scaleCompensation":false},{"name":"eyeball1","position":[0,0,0],"rotation":[0,-0,0],"scale":[1,1,1],"scaleCompensation":false},{"name":"head","position":[0,0,0],"rotation":[0,-0,0],"scale":[1,1,1],"scaleCompensation":false},{"name":"rush3","position":[0,0,0],"rotation":[0,-0,0],"scale":[1,1,1],"scaleCompensation":false},{"name":"brow2","position":[0,0,0],"rotation":[0,-0,0],"scale":[1,1,1],"scaleCompensation":false},{"name":"playcanvas1_Reference","position":[0,0,0],"rotation":[0,0,0],"scale":[0.01,0.01,0.01],"scaleCompensation":false},{"name":"playcanvas1_Hips","position":[0,96.7768,-20.517],"rotation":[0,0,0],"scale":[1,1,1],"scaleCompensation":false},{"name":"playcanvas_skart_joint_1_28","position":[0,3.09223,32.6261],"rotation":[90,-12.8043,-90],"scale":[1,1,1],"scaleCompensation":false},{"name":"playcanvas_joint_1_29","position":[23.4879,0,0],"rotation":[0,0,1.35337],"scale":[1,1,1],"scaleCompensation":false},{"name":"playcanvas_joint_1_30","position":[19.8634,0,0],"rotation":[-37.9212,90,37.9212],"scale":[1,1,1],"scaleCompensation":false},{"name":"playcanvas_skart_joint_2_31","position":[26.6287,8.93351,22.5701],"rotation":[90,-12.8043,-90],"scale":[1,1,1],"scaleCompensation":false},{"name":"playcanvas_joint_2_29","position":[26.4291,0.168315,-8.00891],"rotation":[0,0,1.35337],"scale":[1,1,1],"scaleCompensation":false},{"name":"playcanvas_joint_2_30","position":[23.1087,1.01816,-12.1015],"rotation":[-37.9212,90,37.9212],"scale":[1,1,1],"scaleCompensation":false},{"name":"playcanvas_skart_joint_3_32","position":[35.5294,12.8461,5.22109],"rotation":[90,-12.8043,-90],"scale":[1,1,1],"scaleCompensation":false},{"name":"playcanvas_joint_3_29","position":[24.8534,-8.31996,-13.4555],"rotation":[0,0,1.35337],"scale":[1,1,1],"scaleCompensation":false},{"name":"playcanvas_joint_3_30","position":[17.5316,-8.05184,-12.3058],"rotation":[-37.9212,90,37.9212],"scale":[1,1,1],"scaleCompensation":false},{"name":"playcanvas_skart_joint_4_33","position":[23.6856,15.6075,-13.5729],"rotation":[90,-12.8043,-90],"scale":[1,1,1],"scaleCompensation":false},{"name":"playcanvas_joint_4_29","position":[26.0024,-13.9831,-10.952],"rotation":[0,0,1.35337],"scale":[1,1,1],"scaleCompensation":false},{"name":"playcanvas_joint_4_30","position":[12.7593,-10.7667,-8.70153],"rotation":[-37.9212,90,37.9212],"scale":[1,1,1],"scaleCompensation":false},{"name":"playcanvas_skart_joint_5_34","position":[4.265e-07,16.2079,-19.3867],"rotation":[90,-12.8043,-90],"scale":[1,1,1],"scaleCompensation":false},{"name":"playcanvas_joint_5_29","position":[25.48,-16.1787,6.751e-07],"rotation":[0,0,1.35337],"scale":[1,1,1],"scaleCompensation":false},{"name":"playcanvas_joint_5_30","position":[11.6785,-13.7889,7.33484e-07],"rotation":[-37.9212,90,37.9212],"scale":[1,1,1],"scaleCompensation":false},{"name":"playcanvas_skart_joint_6_35","position":[-23.6856,15.6075,-13.5729],"rotation":[90,-12.8043,-90],"scale":[1,1,1],"scaleCompensation":false},{"name":"playcanvas_joint_6_29","position":[26.0024,-13.9831,10.952],"rotation":[0,0,1.35337],"scale":[1,1,1],"scaleCompensation":false},{"name":"playcanvas_joint_6_30","position":[12.7593,-10.7667,8.70153],"rotation":[-37.9212,90,37.9212],"scale":[1,1,1],"scaleCompensation":false},{"name":"playcanvas_skart_joint_7_36","position":[-35.5294,12.8461,5.22109],"rotation":[90,-12.8043,-90],"scale":[1,1,1],"scaleCompensation":false},{"name":"playcanvas_joint_7_29","position":[24.8534,-8.31996,13.4555],"rotation":[0,0,1.35337],"scale":[1,1,1],"scaleCompensation":false},{"name":"playcanvas_joint_7_30","position":[17.5316,-8.05184,12.3058],"rotation":[-37.9212,90,37.9212],"scale":[1,1,1],"scaleCompensation":false},{"name":"playcanvas_skart_joint_8_37","position":[-26.6287,8.93351,22.5701],"rotation":[90,-12.8043,-90],"scale":[1,1,1],"scaleCompensation":false},{"name":"playcanvas_joint_8_29","position":[26.4291,0.168315,8.0089],"rotation":[0,0,1.35337],"scale":[1,1,1],"scaleCompensation":false},{"name":"playcanvas_joint_8_30","position":[23.1087,1.01817,12.1015],"rotation":[-37.9212,90,37.9212],"scale":[1,1,1],"scaleCompensation":false},{"name":"playcanvas_belt_joint28","position":[43.2522,7.04149,0],"rotation":[0,180,17.354],"scale":[1,1,1],"scaleCompensation":false},{"name":"playcanvas_joint29","position":[23.3194,0,0],"rotation":[0,0,8.19168],"scale":[1,1,1],"scaleCompensation":false},{"name":"playcanvas_joint30","position":[21.841,0,0],"rotation":[0,0,0.18972],"scale":[1,1,1],"scaleCompensation":false},{"name":"playcanvas_joint31","position":[26.7587,0,0],"rotation":[0,0,1.11931],"scale":[1,1,1],"scaleCompensation":false},{"name":"playcanvas_joint32","position":[20.3622,0,0],"rotation":[0,180,7.85332],"scale":[1,1,1],"scaleCompensation":false},{"name":"playcanvas1_LeftUpLeg","position":[21.7921,-8.57904,0],"rotation":[-45.6419,0,0],"scale":[1,1,1],"scaleCompensation":false},{"name":"playcanvas1_LeftLeg","position":[3.69309,-61.406,8.95689],"rotation":[74.7979,0,0],"scale":[1,1,1],"scaleCompensation":false},{"name":"playcanvas1_LeftFoot","position":[0,-55.6898,-14.6544],"rotation":[-28.7519,0,0],"scale":[1,1,1],"scaleCompensation":false},{"name":"playcanvas1_LeftToeBase","position":[1.15304e-05,-8.56852,23.8493],"rotation":[0,0,0],"scale":[1,1,1],"scaleCompensation":false},{"name":"playcanvas1_RightUpLeg","position":[-21.7921,-8.57904,0],"rotation":[-45.6419,0,0],"scale":[1,1,1],"scaleCompensation":false},{"name":"playcanvas1_RightLeg","position":[-3.69309,-61.406,8.95689],"rotation":[74.7979,0,0],"scale":[1,1,1],"scaleCompensation":false},{"name":"playcanvas1_RightFoot","position":[0,-55.6898,-14.6544],"rotation":[-28.7519,0,0],"scale":[1,1,1],"scaleCompensation":false},{"name":"playcanvas1_RightToeBase","position":[-1.15304e-05,-8.56852,23.8493],"rotation":[0,0.00480039,0],"scale":[1,1,1],"scaleCompensation":false},{"name":"playcanvas1_Spine","position":[0,13.4878,0],"rotation":[27.6037,0,0],"scale":[1,1,1],"scaleCompensation":false},{"name":"playcanvas1_Spine1","position":[0,29.9259,0],"rotation":[2.37531,0,0],"scale":[1,1,1],"scaleCompensation":false},{"name":"playcanvas1_LeftShoulder","position":[10.2823,24.2418,0],"rotation":[0,0,0],"scale":[1,1,1],"scaleCompensation":false},{"name":"playcanvas1_LeftArm","position":[21.0718,0.000188,-4.11274],"rotation":[3.92686,-8.427,-66.4441],"scale":[1,1,1],"scaleCompensation":false},{"name":"playcanvas1_LeftForeArm","position":[38.2119,-3.25972,-4.22592],"rotation":[0,0,0.0080881],"scale":[1,1,1],"scaleCompensation":false},{"name":"playcanvas1_LeftHand","position":[38.8625,-0.00498727,4.58377],"rotation":[0,0,-0.0404405],"scale":[1,1,1],"scaleCompensation":false},{"name":"playcanvas1_LeftHandThumb1","position":[6.09445,-6.15428,9.32852],"rotation":[0,0,0.121322],"scale":[1,1,1],"scaleCompensation":false},{"name":"playcanvas1_LeftHandThumb2","position":[3.57965,-3.07883,3.75958],"rotation":[0,0,-0.242643],"scale":[1,1,1],"scaleCompensation":false},{"name":"playcanvas1_LeftHandThumb3","position":[3.17409,-1.81912,2.55752],"rotation":[0,0,0.339998],"scale":[1,1,1],"scaleCompensation":false},{"name":"playcanvas1_LeftHandThumb4","position":[3.18108,-1.76899,2.22947],"rotation":[0,0,-0.342977],"scale":[1,1,1],"scaleCompensation":false},{"name":"playcanvas1_LeftHandIndex1","position":[16.9938,-1.33704,5.92213],"rotation":[0,0,0.121322],"scale":[1,1,1],"scaleCompensation":false},{"name":"playcanvas1_LeftHandIndex2","position":[5.35594,-0.00827824,0.388921],"rotation":[1.04532e-05,2,-0.242344],"scale":[1,1,1],"scaleCompensation":false},{"name":"playcanvas1_LeftHandIndex3","position":[4.5529,0.0122642,0.473201],"rotation":[-0.0246937,-20,0.344082],"scale":[1,1,1],"scaleCompensation":false},{"name":"playcanvas1_LeftHandIndex4","position":[3.85059,-0.0124941,-0.758661],"rotation":[-89.9016,89.8688,-90.1915],"scale":[1,1,1],"scaleCompensation":false},{"name":"playcanvas1_LeftHandMiddle1","position":[15.6648,-1.51796,0.0506535],"rotation":[0,0,0.121322],"scale":[1,1,1],"scaleCompensation":false},{"name":"playcanvas1_LeftHandMiddle2","position":[7.26364,-0.0111858,-0.1871],"rotation":[0,0.00356333,-0.242643],"scale":[1,1,1],"scaleCompensation":false},{"name":"playcanvas1_LeftHandMiddle3","position":[4.29924,0.0115862,-0.0932545],"rotation":[-4.09727e-05,-0.0356333,0.3397],"scale":[1,1,1],"scaleCompensation":false},{"name":"playcanvas1_LeftHandMiddle4","position":[3.77549,-0.0122099,-0.0957011],"rotation":[-0.000273366,0.160349,-0.339701],"scale":[1,1,1],"scaleCompensation":false},{"name":"playcanvas1_LeftHandRing1","position":[14.5616,-3.10847,-5.39807],"rotation":[0,0,0.121322],"scale":[1,1,1],"scaleCompensation":false},{"name":"playcanvas1_LeftHandRing2","position":[7.11133,-0.0111449,-1.85627],"rotation":[1.51661e-21,0.00356353,-0.242643],"scale":[1,1,1],"scaleCompensation":false},{"name":"playcanvas1_LeftHandRing3","position":[4.61029,0.0123259,-1.57492],"rotation":[-4.09749e-05,-0.0356352,0.3397],"scale":[1,1,1],"scaleCompensation":false},{"name":"playcanvas1_LeftHandRing4","position":[3.36056,-0.0109517,-1.1907],"rotation":[-0.000273381,0.160358,-0.339701],"scale":[1,1,1],"scaleCompensation":false},{"name":"playcanvas1_LeftHandPinky1","position":[12.5779,-4.53955,-8.93913],"rotation":[0,0,0.121322],"scale":[1,1,1],"scaleCompensation":false},{"name":"playcanvas1_LeftHandPinky2","position":[5.89463,-0.00949726,-3.93964],"rotation":[0,0,-0.243406],"scale":[1,1,1],"scaleCompensation":false},{"name":"playcanvas1_LeftHandPinky3","position":[3.72592,0.00981852,-2.44518],"rotation":[0,0,0.347331],"scale":[1,1,1],"scaleCompensation":false},{"name":"playcanvas1_LeftHandPinky4","position":[2.5746,-0.00886453,-1.65486],"rotation":[0,0,-0.374036],"scale":[1,1,1],"scaleCompensation":false},{"name":"playcanvas1_RightShoulder","position":[-10.2823,24.2418,0],"rotation":[0,0,0],"scale":[1,1,1],"scaleCompensation":false},{"name":"playcanvas1_RightArm","position":[-21.0718,0.000188,-4.11274],"rotation":[1.19956e-15,6.12828,58.2296],"scale":[1,1,1],"scaleCompensation":false},{"name":"playcanvas1_RightForeArm","position":[-38.212,-3.25866,-4.22592],"rotation":[0,0,-0.025502],"scale":[1,1,1],"scaleCompensation":false},{"name":"playcanvas1_RightHand","position":[-38.8625,-0.015725,4.58377],"rotation":[0,0,0.12751],"scale":[1,1,1],"scaleCompensation":false},{"name":"playcanvas1_RightHandThumb1","position":[-6.1021,-6.1467,9.32852],"rotation":[0,0,-0.38253],"scale":[1,1,1],"scaleCompensation":false},{"name":"playcanvas1_RightHandThumb2","position":[-3.56942,-3.09068,3.75958],"rotation":[0,0,0.765059],"scale":[1,1,1],"scaleCompensation":false},{"name":"playcanvas1_RightHandThumb3","position":[-3.1846,-1.80068,2.55752],"rotation":[0,0,-1.07048],"scale":[1,1,1],"scaleCompensation":false},{"name":"playcanvas1_RightHandThumb4","position":[-3.16871,-1.79104,2.22947],"rotation":[0,0,1.06485],"scale":[1,1,1],"scaleCompensation":false},{"name":"playcanvas1_RightHandIndex1","position":[-16.9955,-1.31591,5.92213],"rotation":[0,0,-0.38253],"scale":[1,1,1],"scaleCompensation":false},{"name":"playcanvas1_RightHandIndex2","position":[-5.35589,-0.0260363,0.388921],"rotation":[0,2.00006,0.765059],"scale":[1,1,1],"scaleCompensation":false},{"name":"playcanvas1_RightHandIndex3","position":[-4.57467,0.0387846,0.154454],"rotation":[0.0794235,-20.0001,-1.09471],"scale":[1,1,1],"scaleCompensation":false},{"name":"playcanvas1_RightHandIndex4","position":[-3.56093,-0.0393327,1.64955],"rotation":[-89.9311,90.4413,-88.9904],"scale":[1,1,1],"scaleCompensation":false},{"name":"playcanvas1_RightHandMiddle1","position":[-15.6667,-1.49848,0.0506535],"rotation":[0,0,-0.38253],"scale":[1,1,1],"scaleCompensation":false},{"name":"playcanvas1_RightHandMiddle2","position":[-7.26356,-0.035269,-0.1871],"rotation":[0,2.00006,0.765059],"scale":[1,1,1],"scaleCompensation":false},{"name":"playcanvas1_RightHandMiddle3","position":[-4.29321,0.0365313,-0.243506],"rotation":[0.0794235,-20.0001,-1.09471],"scale":[1,1,1],"scaleCompensation":false},{"name":"playcanvas1_RightHandMiddle4","position":[-3.6195,-0.0384543,1.0777],"rotation":[-89.9311,90.4413,-88.9904],"scale":[1,1,1],"scaleCompensation":false},{"name":"playcanvas1_RightHandRing1","position":[-14.5655,-3.09036,-5.39807],"rotation":[0,0,-0.38253],"scale":[1,1,1],"scaleCompensation":false},{"name":"playcanvas1_RightHandRing2","position":[-7.11125,-0.0347231,-1.85627],"rotation":[0,2.00006,0.765059],"scale":[1,1,1],"scaleCompensation":false},{"name":"playcanvas1_RightHandRing3","position":[-4.55226,0.0390752,-1.73514],"rotation":[0.0794235,-20.0001,-1.09471],"scale":[1,1,1],"scaleCompensation":false},{"name":"playcanvas1_RightHandRing4","position":[-3.56392,-0.0350367,-0.0919631],"rotation":[-89.9311,90.4413,-88.9904],"scale":[1,1,1],"scaleCompensation":false},{"name":"playcanvas1_RightHandPinky1","position":[-12.5835,-4.52391,-8.93913],"rotation":[0,0,-0.38253],"scale":[1,1,1],"scaleCompensation":false},{"name":"playcanvas1_RightHandPinky2","position":[-5.89456,-0.0290414,-3.93964],"rotation":[-4.33456e-05,2.00006,0.763817],"scale":[1,1,1],"scaleCompensation":false},{"name":"playcanvas1_RightHandPinky3","position":[-3.63819,0.0313087,-2.57372],"rotation":[0.0773676,-20.0002,-1.08181],"scale":[1,1,1],"scaleCompensation":false},{"name":"playcanvas1_RightHandPinky4","position":[-2.95986,-0.0269492,-0.778269],"rotation":[-89.8984,90.4052,-88.9926],"scale":[1,1,1],"scaleCompensation":false},{"name":"playcanvas1_Neck","position":[0,29.9259,0],"rotation":[0,0,0],"scale":[1,1,1],"scaleCompensation":false},{"name":"playcanvas1_Head","position":[0,27.3653,0],"rotation":[0,0,0],"scale":[1,1,1],"scaleCompensation":false},{"name":"playcanvas_hair_joint1","position":[0,63.2182,5.01874],"rotation":[90,53.9726,90],"scale":[1,1,1],"scaleCompensation":false},{"name":"playcanvas_playcanvas_joint2","position":[124.054,15.9065,-5.27058],"rotation":[-18.0137,-90,-18.0137],"scale":[1,1,1],"scaleCompensation":false},{"name":"playcanvas_joint18","position":[5.27058,11.0204,-21.8172],"rotation":[-90,59.2373,-90],"scale":[1,1,1],"scaleCompensation":false},{"name":"playcanvas_joint19","position":[31.7676,0,0],"rotation":[0,0,-44.1688],"scale":[1,1,1],"scaleCompensation":false},{"name":"playcanvas_joint20","position":[52.5008,0,0],"rotation":[180,0,-18.2134],"scale":[1,1,1],"scaleCompensation":false},{"name":"playcanvas_joint21","position":[59.2341,0,0],"rotation":[0,0,15.0542],"scale":[1,1,1],"scaleCompensation":false},{"name":"playcanvas_joint22","position":[49.9443,0,1.933e-07],"rotation":[180,2.3697e-23,-21.0263],"scale":[1,1,1],"scaleCompensation":false},{"name":"playcanvas_joint23","position":[52.7096,0,8.17197e-08],"rotation":[0,0,8.48281],"scale":[1,1,1],"scaleCompensation":false},{"name":"playcanvas_joint24","position":[46.3971,0,2.76533e-07],"rotation":[180,0,-20.2826],"scale":[1,1,1],"scaleCompensation":false},{"name":"playcanvas_joint25","position":[50.0077,0,2.30986e-07],"rotation":[0,-1.26865e-06,18.3772],"scale":[1,1,1],"scaleCompensation":false},{"name":"playcanvas_joint26","position":[42.4409,0,0],"rotation":[0,0,7.21265],"scale":[1,1,1],"scaleCompensation":false},{"name":"playcanvas_joint27","position":[35.5157,0,2.31868e-07],"rotation":[-27.7187,90,27.7187],"scale":[1,1,1],"scaleCompensation":false},{"name":"playcanvas_hair_joint3","position":[-19.1485,64.5507,-28.0708],"rotation":[-90.693,14.3283,-153.018],"scale":[1,1,1],"scaleCompensation":false},{"name":"playcanvas_joint4","position":[25.4455,-1.57115,0],"rotation":[180,-19.0666,-17.239],"scale":[1,1,1],"scaleCompensation":false},{"name":"playcanvas_joint5","position":[23.9655,5.63071,-8.27229],"rotation":[0,0,74.2488],"scale":[1,1,1],"scaleCompensation":false},{"name":"playcanvas_hair_joint6","position":[-9.7752,57.7338,-59.4262],"rotation":[-90.693,14.3283,-153.018],"scale":[1,1,1],"scaleCompensation":false},{"name":"playcanvas_joint7","position":[23.283,-2.98492,3.43033],"rotation":[180,-19.0666,-17.239],"scale":[1,1,1],"scaleCompensation":false},{"name":"playcanvas_joint8","position":[47.9058,-9.50447,-14.6178],"rotation":[0,0,74.2488],"scale":[1,1,1],"scaleCompensation":false},{"name":"playcanvas_hair_joint9","position":[-7.78635,15.8165,-79.2419],"rotation":[-87.4612,21.0471,-144.076],"scale":[1,1,1],"scaleCompensation":false},{"name":"playcanvas_joint10","position":[52.6289,-24.9295,25.3509],"rotation":[180,-19.0666,-17.239],"scale":[1,1,1],"scaleCompensation":false},{"name":"playcanvas_joint11","position":[65.4336,39.3857,11.8386],"rotation":[0,0,74.2488],"scale":[1,1,1],"scaleCompensation":false},{"name":"playcanvas_hair_joint12","position":[-7.78635,15.8165,76.7805],"rotation":[-87.4612,21.0471,-144.076],"scale":[1,1,1],"scaleCompensation":false},{"name":"playcanvas_joint13","position":[55.9897,-16.2045,24.9641],"rotation":[180,-19.0666,-17.239],"scale":[1,1,1],"scaleCompensation":false},{"name":"playcanvas_joint14","position":[68.7097,-26.5547,15.5981],"rotation":[0,0,74.2488],"scale":[1,1,1],"scaleCompensation":false},{"name":"playcanvas_hair_joint15","position":[-9.7752,57.7338,53.0834],"rotation":[-90.6761,-6.76364,-152.767],"scale":[1,1,1],"scaleCompensation":false},{"name":"playcanvas_joint16","position":[23.283,-2.98492,3.43033],"rotation":[180,-19.0666,-17.239],"scale":[1,1,1],"scaleCompensation":false},{"name":"playcanvas_joint17","position":[47.9058,-9.50447,-14.6178],"rotation":[0,0,74.2488],"scale":[1,1,1],"scaleCompensation":false}],"parents":[-1,0,1,1,1,1,1,6,6,6,6,6,6,0,13,14,15,16,14,18,19,14,21,22,14,24,25,14,27,28,14,30,31,14,33,34,14,36,37,14,39,40,41,42,14,44,45,46,14,48,49,50,14,52,53,54,55,56,57,58,59,60,57,62,63,64,57,66,67,68,57,70,71,72,57,74,75,76,53,78,79,80,81,82,83,84,81,86,87,88,81,90,91,92,81,94,95,96,81,98,99,100,53,102,103,104,105,106,107,108,109,110,111,112,113,114,104,116,117,104,119,120,104,122,123,104,125,126,104,128,129],"skins":[{"inverseBindMatrices":[[-0.95448,-0.298275,8.03619e-17,0,-0.298275,0.95448,1.53418e-16,0,-1.22465e-16,1.22465e-16,-1,0,84.1957,-124.418,-2.55478e-14,1],[-0.987241,-0.159232,1.00168e-16,0,-0.159232,0.987241,1.40204e-16,0,-1.21215e-16,1.22465e-16,-1,0,42.5274,-131.823,-2.12986e-14,1],[-0.987763,-0.155963,1.00574e-16,0,-0.155963,0.987763,1.39862e-16,0,-1.21157e-16,1.22465e-16,-1,0,20.2497,-131.891,-1.86053e-14,1],[-0.990621,-0.136637,1.02919e-16,0,-0.136637,0.990621,1.3782e-16,0,-1.20785e-16,1.22465e-16,-1,0,-9.08417,-131.738,-1.50361e-14,1],[1,-7.21645e-16,-2.39355e-16,0,7.21645e-16,1,-3.65282e-17,0,2.39355e-16,3.65282e-17,1,0,47.1706,-126.479,-6.67046e-15,1]],"boneNames":["playcanvas_belt_joint28","playcanvas_joint29","playcanvas_joint30","playcanvas_joint31","playcanvas_joint32"]},{"inverseBindMatrices":[[1,-0,0,0,0,1,-0,0,0,0,1,0,-0,-136.827,-0,1],[1,-0,0,0,0,1,-0,0,0,0,1,0,-21.7921,-128.248,-0,1],[1,-0,0,0,0,1,-0,0,0,0,1,0,-25.4852,-66.8417,-8.95689,1],[1,-0,0,0,0,1,-0,0,0,0,1,0,-25.4852,-11.1519,5.6975,1],[1,-0,0,0,0,1,-0,0,0,0,1,0,-25.4852,-2.5834,-18.1518,1],[1,-0,0,0,0,1,-0,0,0,0,1,0,21.7921,-128.248,-0,1],[1,-0,0,0,0,1,-0,0,0,0,1,0,25.4852,-66.8417,-8.95689,1],[1,-0,0,0,0,1,-0,0,0,0,1,0,25.4852,-11.1519,5.6975,1],[1,-0,8.37825e-05,0,-0,1,-0,0,-8.37825e-05,-0,1,0,25.4868,-2.5834,-18.1497,1],[1,-0,0,0,0,1,-0,0,0,0,1,0,-0,-150.315,-0,1]],"boneNames":["playcanvas1_Hips","playcanvas1_LeftUpLeg","playcanvas1_LeftLeg","playcanvas1_LeftFoot","playcanvas1_LeftToeBase","playcanvas1_RightUpLeg","playcanvas1_RightLeg","playcanvas1_RightFoot","playcanvas1_RightToeBase","playcanvas1_Spine"]},{"inverseBindMatrices":[[2.76233e-16,2.20497e-16,-1,0,-0.975133,0.221621,-2.20497e-16,0,0.221621,0.975133,2.76233e-16,0,129.209,-62.8238,2.18393e-14,1],[2.74673e-16,2.1399e-16,-1,0,-0.969626,0.24459,-2.1399e-16,0,0.24459,0.969626,2.74673e-16,0,104.208,-65.3032,1.46488e-14,1],[1,-9.74448e-17,2.7587e-16,0,9.74448e-17,1,1.38778e-16,0,-2.7587e-16,-1.38778e-16,1,0,2.25113e-15,-97.755,-42.6899,1],[2.76233e-16,2.20497e-16,-1,0,-0.975133,0.221621,-2.20497e-16,0,0.221621,0.975133,2.76233e-16,0,137.134,-54.3124,26.6287,1],[2.74673e-16,2.1399e-16,-1,0,-0.969626,0.24459,-2.1399e-16,0,0.24459,0.969626,2.74673e-16,0,109.387,-57.0802,34.6376,1],[1,-9.74448e-17,2.7587e-16,0,9.74448e-17,1,1.66533e-16,0,-2.7587e-16,-1.66533e-16,1,0,-46.7391,-97.8679,-35.2309,1],[2.76233e-16,2.20497e-16,-1,0,-0.975133,0.221621,-2.20497e-16,0,0.221621,0.975133,2.76233e-16,0,144.794,-38.2619,35.5294,1],[2.74673e-16,2.1399e-16,-1,0,-0.969626,0.24459,-2.1399e-16,0,0.24459,0.969626,2.74673e-16,0,119.2,-32.7664,48.9849,1],[1,-9.74448e-17,2.7587e-16,0,9.74448e-17,1,1.66533e-16,0,-2.7587e-16,-1.66533e-16,1,0,-61.2907,-104.625,0.903134,1],[2.76233e-16,2.20497e-16,-1,0,-0.975133,0.221621,-2.20497e-16,0,0.221621,0.975133,2.76233e-16,0,151.652,-20.5473,23.6856,1],[2.74673e-16,2.1399e-16,-1,0,-0.969626,0.24459,-2.1399e-16,0,0.24459,0.969626,2.74673e-16,0,125.459,-9.52997,34.6376,1],[1,-9.74448e-17,2.7587e-16,0,9.74448e-17,1,1.66533e-16,0,-2.7587e-16,-1.66533e-16,1,0,-43.3391,-108.974,28.7645,1],[2.76233e-16,2.20497e-16,-1,0,-0.975133,0.221621,-2.20497e-16,0,0.221621,0.975133,2.76233e-16,0,153.526,-15.0111,4.265e-07,1],[2.74673e-16,2.1399e-16,-1,0,-0.969626,0.24459,-2.1399e-16,0,0.24459,0.969626,2.74673e-16,0,128.038,-1.85689,-2.48601e-07,1],[1,-9.74448e-17,2.7587e-16,0,9.74448e-17,1,1.66533e-16,0,-2.7587e-16,-1.66533e-16,1,0,9.82085e-07,-109.906,40.0299,1],[2.76233e-16,2.20497e-16,-1,0,-0.975133,0.221621,-2.20497e-16,0,0.221621,0.975133,2.76233e-16,0,151.652,-20.5473,-23.6856,1],[2.74673e-16,2.1399e-16,-1,0,-0.969626,0.24459,-2.1399e-16,0,0.24459,0.969626,2.74673e-16,0,125.459,-9.52997,-34.6376,1],[1,-9.74448e-17,2.7587e-16,0,9.74448e-17,1,1.66533e-16,0,-2.7587e-16,-1.66533e-16,1,0,43.3391,-108.974,28.7645,1],[2.76233e-16,2.20497e-16,-1,0,-0.975133,0.221621,-2.20497e-16,0,0.221621,0.975133,2.76233e-16,0,144.794,-38.2619,-35.5294,1],[2.74673e-16,2.1399e-16,-1,0,-0.969626,0.24459,-2.1399e-16,0,0.24459,0.969626,2.74673e-16,0,119.2,-32.7664,-48.9849,1],[1,-9.74448e-17,2.7587e-16,0,9.74448e-17,1,1.94289e-16,0,-2.7587e-16,-1.94289e-16,1,0,61.2907,-104.625,0.903133,1],[2.76233e-16,2.20497e-16,-1,0,-0.975133,0.221621,-2.20497e-16,0,0.221621,0.975133,2.76233e-16,0,137.134,-54.3124,-26.6287,1],[2.74673e-16,2.1399e-16,-1,0,-0.969626,0.24459,-2.1399e-16,0,0.24459,0.969626,2.74673e-16,0,109.387,-57.0802,-34.6376,1],[1,-9.74448e-17,2.7587e-16,0,9.74448e-17,1,1.94289e-16,0,-2.7587e-16,-1.94289e-16,1,0,46.7391,-97.8679,-35.2309,1]],"boneNames":["playcanvas_skart_joint_1_28","playcanvas_joint_1_29","playcanvas_joint_1_30","playcanvas_skart_joint_2_31","playcanvas_joint_2_29","playcanvas_joint_2_30","playcanvas_skart_joint_3_32","playcanvas_joint_3_29","playcanvas_joint_3_30","playcanvas_skart_joint_4_33","playcanvas_joint_4_29","playcanvas_joint_4_30","playcanvas_skart_joint_5_34","playcanvas_joint_5_29","playcanvas_joint_5_30","playcanvas_skart_joint_6_35","playcanvas_joint_6_29","playcanvas_joint_6_30","playcanvas_skart_joint_7_36","playcanvas_joint_7_29","playcanvas_joint_7_30","playcanvas_skart_joint_8_37","playcanvas_joint_8_29","playcanvas_joint_8_30"]},{"inverseBindMatrices":[[1,-0,0,0,0,1,-0,0,0,0,1,0,-0,-136.827,-0,1],[1,-0,0,0,0,1,-0,0,0,0,1,0,-21.7921,-128.248,-0,1],[1,-0,0,0,0,1,-0,0,0,0,1,0,21.7921,-128.248,-0,1],[1,-0,0,0,0,1,-0,0,0,0,1,0,-0,-150.315,-0,1],[1,-0,0,0,0,1,-0,0,0,0,1,0,-0,-180.24,-0,1],[1,-0,0,0,0,1,-0,0,0,0,1,0,-10.2823,-204.482,-0,1],[1,1.28331e-05,-0,0,-1.28331e-05,1,-0,0,0,-0,1,0,-31.3515,-204.483,4.11274,1],[1,-0.000128331,0,0,0.000128331,1,-0,0,0,0,1,0,-69.5919,-201.213,8.33867,1],[1,0.000577489,-0,0,-0.000577489,1,-0,0,0,-0,1,0,-108.312,-201.285,3.7549,1],[0.999999,-0.00153997,0,0,0.00153997,0.999999,-0,0,0,0,1,0,-114.82,-194.888,-5.57362,1],[0.999996,0.00269495,-0,0,-0.00269495,0.999996,-0,0,0,-0,1,0,-117.586,-192.309,-9.3332,1],[0.999995,-0.00323913,0,0,0.00323913,0.999995,-0,0,0,0,1,0,-121.888,-189.77,-11.8907,1],[0.999996,0.00274693,-0,0,-0.00274693,0.999996,-0,0,0,-0,1,0,-123.942,-188.746,-14.1202,1],[0.999999,-0.00153997,0,0,0.00153997,0.999999,-0,0,0,0,1,0,-125.729,-199.682,-2.16723,1],[0.999387,0.00268972,0.0348994,0,-0.00268808,0.999996,-9.40523e-05,0,-0.0348995,1.82332e-07,0.999391,0,-130.071,-200.226,-7.09986,1],[0.951052,-0.0031788,-0.309016,0,0.00308506,0.999995,-0.00079197,0,0.309017,-0.000200128,0.951057,0,-130.223,-199.444,39.2521,1],[0.309015,0.00234148,0.951054,0,-0.00149869,0.999997,-0.00197502,0,-0.951056,-0.000815024,0.309018,0,-39.5528,-200.198,-133.062,1],[0.999999,-0.00153997,0,0,0.00153997,0.999999,-0,0,0,0,1,0,-124.4,-199.504,3.70425,1],[0.999996,0.00269495,6.21917e-05,0,-0.00269495,0.999996,-1.67604e-07,0,-6.21919e-05,2.64698e-23,1,0,-130.818,-200.049,3.88321,1],[0.999995,-0.00323393,-0.000559725,0,0.00323393,0.999995,-1.46374e-06,0,0.000559727,-3.46381e-07,1,0,-136.298,-199.256,4.06109,1],[0.999994,0.00269495,0.0022389,0,-0.00269494,0.999996,-4.23479e-06,0,-0.00223891,-1.79895e-06,0.999997,0,-138.901,-200.07,3.76712,1],[0.999999,-0.00153997,0,0,0.00153997,0.999999,-0,0,0,0,1,0,-123.293,-197.916,9.15297,1],[0.999996,0.00269495,6.21951e-05,0,-0.00269495,0.999996,-1.67613e-07,0,-6.21953e-05,5.29396e-23,1,0,-129.566,-198.455,11.0012,1],[0.999995,-0.00323393,-0.000559756,0,0.00323393,0.999995,-1.46382e-06,0,0.000559757,-3.464e-07,1,0,-135.343,-197.668,12.6601,1],[0.999994,0.00269495,0.00223902,0,-0.00269494,0.999996,-4.23502e-06,0,-0.00223903,-1.79905e-06,0.999997,0,-137.567,-198.476,13.4649,1],[0.999999,-0.00153997,0,0,0.00153997,0.999999,-0,0,0,0,1,0,-121.307,-196.489,12.694,1],[0.999996,0.00270826,-0,0,-0.00270826,0.999996,-0,0,0,-0,1,0,-126.365,-197.018,16.6337,1],[0.999994,-0.00335379,0,0,0.00335379,0.999994,-0,0,0,0,1,0,-131.283,-196.236,19.0788,1],[0.999995,0.00317437,-0,0,-0.00317437,0.999995,-0,0,0,-0,1,0,-132.574,-197.096,20.7337,1],[1,-0,0,0,0,1,-0,0,0,0,1,0,10.2823,-204.482,-0,1],[1,-4.0463e-05,0,0,4.0463e-05,1,-0,0,0,0,1,0,31.3459,-204.484,4.11274,1],[1,0.00040463,-0,0,-0.00040463,1,-0,0,0,-0,1,0,69.6474,-201.194,8.33867,1],[0.999998,-0.00182084,0,0,0.00182084,0.999998,-0,0,0,0,1,0,108.062,-201.419,3.7549,1],[0.999988,0.00485554,-0,0,-0.00485554,0.999988,-0,0,0,-0,1,0,115.465,-194.506,-5.57362,1],[0.999964,-0.00849713,0,0,0.00849713,0.999964,-0,0,0,0,1,0,116.468,-192.988,-9.3332,1],[0.999948,0.010186,-0,0,-0.010186,0.999948,-0,0,0,-0,1,0,123.204,-188.918,-11.8907,1],[0.999965,-0.00839889,0,0,0.00839889,0.999965,-0,0,0,0,1,0,122.873,-189.443,-14.1202,1],[0.999988,0.00485554,-0,0,-0.00485554,0.999988,-0,0,0,-0,1,0,126.391,-199.264,-2.16723,1],[0.999355,-0.00849713,0.0348994,0,0.00849196,0.999964,0.000296555,0,-0.0349006,-2.1684e-19,0.999391,0,129.085,-200.979,1.95018,1],[0.951003,0.0101689,-0.309015,0,-0.0098725,0.999948,0.00252278,0,0.309024,0.000651571,0.951054,0,129.799,-198.491,-45.0573,1],[0.308955,-0.00782568,0.951044,0,0.0051796,0.999965,0.00654558,0,-0.951063,0.00290374,0.308985,0,45.159,-200.968,130.084,1],[0.999988,0.00485554,-0,0,-0.00485554,0.999988,-0,0,0,-0,1,0,125.061,-199.09,3.70425,1],[0.999355,-0.00849713,0.0348994,0,0.00849196,0.999964,0.000296555,0,-0.0349006,-2.1684e-19,0.999391,0,129.44,-200.804,8.414,1],[0.951003,0.0101689,-0.309015,0,-0.0098725,0.999948,0.00252278,0,0.309024,0.000651571,0.951054,0,132.212,-198.303,-38.6335,1],[0.308955,-0.00782568,0.951044,0,0.0051796,0.999965,0.00654558,0,-0.951063,0.00290374,0.308985,0,38.1647,-200.768,132.558,1],[0.999988,0.00485554,-0,0,-0.00485554,0.999988,-0,0,0,-0,1,0,123.949,-197.506,9.15297,1],[0.999355,-0.00849713,0.0348994,0,0.00849196,0.999964,0.000296555,0,-0.0349006,-2.1684e-19,0.999391,0,127.949,-199.204,15.4842,1],[0.951003,0.0101689,-0.309015,0,-0.0098725,0.999948,0.00252278,0,0.309024,0.000651571,0.951054,0,133.954,-196.717,-30.1587,1],[0.308955,-0.00782568,0.951044,0,0.0051796,0.999965,0.00654558,0,-0.951063,0.00290374,0.308985,0,28.5324,-199.139,134.271,1],[0.999988,0.00485554,-0,0,-0.00485554,0.999988,-0,0,0,-0,1,0,121.957,-196.086,12.694,1],[0.999355,-0.00847549,0.0348994,0,0.0084703,0.999964,0.000296555,0,-0.0349006,-7.56062e-07,0.999391,0,124.57,-197.743,20.9939,1],[0.951005,0.0099766,-0.309015,0,-0.00968128,0.99995,0.00248907,0,0.309024,0.000624546,0.951054,0,132.024,-195.35,-22.7094,1],[0.30896,-0.00724302,0.951048,0,0.00458198,0.999971,0.0061271,0,-0.951064,0.00246465,0.308984,0,20.5329,-197.582,131.88,1],[1,-0,0,0,0,1,-0,0,0,0,1,0,-0,-210.166,-0,1]],"boneNames":["playcanvas1_Hips","playcanvas1_LeftUpLeg","playcanvas1_RightUpLeg","playcanvas1_Spine","playcanvas1_Spine1","playcanvas1_LeftShoulder","playcanvas1_LeftArm","playcanvas1_LeftForeArm","playcanvas1_LeftHand","playcanvas1_LeftHandThumb1","playcanvas1_LeftHandThumb2","playcanvas1_LeftHandThumb3","playcanvas1_LeftHandThumb4","playcanvas1_LeftHandIndex1","playcanvas1_LeftHandIndex2","playcanvas1_LeftHandIndex3","playcanvas1_LeftHandIndex4","playcanvas1_LeftHandMiddle1","playcanvas1_LeftHandMiddle2","playcanvas1_LeftHandMiddle3","playcanvas1_LeftHandMiddle4","playcanvas1_LeftHandRing1","playcanvas1_LeftHandRing2","playcanvas1_LeftHandRing3","playcanvas1_LeftHandRing4","playcanvas1_LeftHandPinky1","playcanvas1_LeftHandPinky2","playcanvas1_LeftHandPinky3","playcanvas1_LeftHandPinky4","playcanvas1_RightShoulder","playcanvas1_RightArm","playcanvas1_RightForeArm","playcanvas1_RightHand","playcanvas1_RightHandThumb1","playcanvas1_RightHandThumb2","playcanvas1_RightHandThumb3","playcanvas1_RightHandThumb4","playcanvas1_RightHandIndex1","playcanvas1_RightHandIndex2","playcanvas1_RightHandIndex3","playcanvas1_RightHandIndex4","playcanvas1_RightHandMiddle1","playcanvas1_RightHandMiddle2","playcanvas1_RightHandMiddle3","playcanvas1_RightHandMiddle4","playcanvas1_RightHandRing1","playcanvas1_RightHandRing2","playcanvas1_RightHandRing3","playcanvas1_RightHandRing4","playcanvas1_RightHandPinky1","playcanvas1_RightHandPinky2","playcanvas1_RightHandPinky3","playcanvas1_RightHandPinky4","playcanvas1_Neck"]},{"inverseBindMatrices":[[1,-0,0,0,0,1,-0,0,0,0,1,0,-0,-210.166,-0,1],[1,-0,0,0,0,1,-0,0,0,0,1,0,-0,-237.532,-0,1]],"boneNames":["playcanvas1_Neck","playcanvas1_Head"]},{"inverseBindMatrices":[[1,-0,0,0,0,1,-0,0,0,0,1,0,-0,-210.166,-0,1],[1,-0,0,0,0,1,-0,0,0,0,1,0,-0,-237.532,-0,1]],"boneNames":["playcanvas1_Neck","playcanvas1_Head"]},{"inverseBindMatrices":[[1,-0,0,0,0,1,-0,0,0,0,1,0,-0,-210.166,-0,1],[1,-0,0,0,0,1,-0,0,0,0,1,0,-0,-237.532,-0,1]],"boneNames":["playcanvas1_Neck","playcanvas1_Head"]},{"inverseBindMatrices":[[0.982482,-0.118356,0.14395,0,0.0950238,0.982635,0.15937,0,-0.160312,-0.1429,0.976668,0,-83.3028,-250.879,-97.5778,1],[0.380616,0.91346,0.14395,0,-0.919942,0.358202,0.15937,0,0.0940154,-0.193084,0.976668,0,266.751,-157.783,-112.196,1],[0.117774,-0.992971,-0.011718,0,-0.886848,-0.0998629,-0.451141,0,0.4468,0.0635247,-0.892376,0,275.83,83.8545,196.609,1],[0.946039,0.318286,-0.0608568,0,-0.318976,0.947761,-0.00170896,0,0.0571338,0.0210286,0.998145,0,15.5503,-183.192,-26.4203,1],[-0.0495226,0.996917,-0.0608568,0,-0.998762,-0.0497185,-0.00170896,0,-0.00472941,0.0606968,0.998145,0,249.244,-61.3177,-10.8223,1],[-0.359135,-0.932369,0.0413408,0,-0.887362,0.327404,-0.324647,0,0.289156,-0.153276,-0.944931,0,295.773,-26.4071,116.612,1],[0.946039,0.318286,-0.0608568,0,-0.318976,0.947761,-0.00170896,0,0.0571338,0.0210286,0.998145,0,91.7256,-157.564,-31.5864,1],[-0.0495226,0.996917,-0.0608568,0,-0.998762,-0.0497185,-0.00170896,0,-0.00472941,0.0606968,0.998145,0,241.981,84.8946,-19.7478,1],[-0.359135,-0.932369,0.0413408,0,-0.887362,0.327404,-0.324647,0,0.289156,-0.153276,-0.944931,0,239.74,-171.878,123.063,1],[0.973127,0.228602,0.0276566,0,-0.23023,0.963706,0.135151,0,0.00424287,-0.137886,0.990439,0,130.102,-237.344,-80.6629,1],[0.0441471,0.998642,0.0276566,0,-0.990016,0.0400229,0.135151,0,0.13386,-0.033347,0.990439,0,311.655,51.2826,-95.2807,1],[-0.247477,-0.968823,-0.011718,0,-0.863364,0.225995,-0.451141,0,0.439724,-0.10153,-0.892376,0,259.683,-130.034,195.291,1],[0.973127,0.228602,0.0276566,0,-0.23023,0.963706,0.135151,0,0.00424287,-0.137886,0.990439,0,93.2701,-269.104,-103.135,1],[0.0441471,0.998642,0.0276566,0,-0.990016,0.0400229,0.135151,0,0.13386,-0.033347,0.990439,0,308.284,22.3475,-111.407,1],[-0.247477,-0.968823,-0.011718,0,-0.863364,0.225995,-0.451141,0,0.439724,-0.10153,-0.892376,0,262.346,-98.4797,206.001,1],[1,3.29e-08,3.99792e-08,0,-3.29e-08,1,-3.44041e-16,0,-3.99792e-08,-9.71273e-16,1,0,-3.44759e-06,-9.58286,94.1206,1],[6.52858e-09,5.15875e-08,-1,0,-0.823508,0.567305,2.38895e-08,0,0.567305,0.823508,4.61864e-08,0,96.8024,72.0726,4.35003e-06,1],[5.43876e-17,5.19989e-08,-1,0,-0.888218,0.459423,2.38895e-08,0,0.459423,0.888218,4.61864e-08,0,129.428,83.6561,4.35003e-06,1],[4.61902e-09,5.63278e-08,-1,0,-0.987763,0.155963,4.22254e-09,0,0.155963,0.987763,5.63589e-08,0,146.461,120.195,7.44683e-06,1],[-5.96014e-09,-2.94522e-08,1,0,-0.980581,0.196116,-6.83571e-11,0,-0.196116,-0.980581,-3.00491e-08,0,142.111,-163.513,-3.96881e-06,1],[-1.55037e-09,-3.00092e-08,1,0,-0.998783,0.0493226,-6.83573e-11,0,-0.0493226,-0.998783,-3.00491e-08,0,217.386,-140.761,-3.88709e-06,1],[3.87032e-09,1.43898e-08,-1,0,-0.949977,0.312321,8.17512e-10,0,0.312321,0.949977,1.48787e-08,0,303.361,53.3911,1.94239e-06,1],[-1.6057e-16,1.49012e-08,-1,0,-0.998494,0.0548623,8.17512e-10,0,0.0548623,0.998494,1.48787e-08,0,338.316,130.351,1.94239e-06,1],[-1.55283e-16,-1.19005e-16,1,0,-0.965616,0.259973,-1.19005e-16,0,-0.259973,-0.965616,-1.55283e-16,0,333.125,-229.564,2.67332e-14,1],[-8.22529e-17,-2.26274e-17,1,0,-0.511484,0.859293,-2.26274e-17,0,-0.859293,-0.511484,-8.22529e-17,0,110.76,-396.777,1.02049e-15,1],[1,3.85355e-16,1.20486e-15,0,-3.85355e-16,1,3.88578e-16,0,-1.20486e-15,-3.88578e-16,1,0,5.27058,-386.579,85.9522,1],[3.60151e-17,1.09851e-15,1,0,0.588172,0.808736,-9.09589e-16,0,-0.808736,0.588172,-6.16987e-16,0,-172.834,-246.179,2.76655e-13,1]],"boneNames":["playcanvas_joint17","playcanvas_joint16","playcanvas_hair_joint15","playcanvas_joint14","playcanvas_joint13","playcanvas_hair_joint12","playcanvas_joint11","playcanvas_joint10","playcanvas_hair_joint9","playcanvas_joint8","playcanvas_joint7","playcanvas_hair_joint6","playcanvas_joint5","playcanvas_joint4","playcanvas_hair_joint3","playcanvas_joint27","playcanvas_joint26","playcanvas_joint25","playcanvas_joint24","playcanvas_joint23","playcanvas_joint22","playcanvas_joint21","playcanvas_joint20","playcanvas_joint19","playcanvas_joint18","playcanvas_playcanvas_joint2","playcanvas_hair_joint1"]},{"inverseBindMatrices":[[1,-0,0,0,0,1,-0,0,0,0,1,0,-0,-210.166,-0,1],[1,-0,0,0,0,1,-0,0,0,0,1,0,-0,-237.532,-0,1]],"boneNames":["playcanvas1_Neck","playcanvas1_Head"]},{"inverseBindMatrices":[[1,-0,0,0,0,1,-0,0,0,0,1,0,-0,-210.166,-0,1],[1,-0,0,0,0,1,-0,0,0,0,1,0,-0,-237.532,-0,1]],"boneNames":["playcanvas1_Neck","playcanvas1_Head"]}],"morphs":[],"vertices":[{"position":{"type":"float32","components":3,"data":[-51.1084,147.622,16.1258,-65.4979,109.37,-12.7162,-65.2378,109.37,16.2526,-51.3684,147.622,-12.8431,-43.7027,149.513,16.0593,-38.0597,147.333,-12.9626,-43.9628,149.513,-12.9096,-37.7996,147.333,16.0063,-37.7996,147.333,16.0063,-53.6928,105.009,-12.8222,-38.0597,147.333,-12.9626,-53.4327,105.009,16.1466,-53.4327,105.009,16.1466,-65.4979,109.37,-12.7162,-53.6928,105.009,-12.8222,-65.2378,109.37,16.2526,-37.7996,147.333,16.0063,-43.7027,149.513,16.0593,-53.4327,105.009,16.1466,-53.6928,105.009,-12.8222,-38.0597,147.333,-12.9626,-43.9628,149.513,-12.9096,19.0617,142.578,-28.1611,30.9943,145.322,-13.1378,35.1054,146.18,-14.9822,16.6591,142.104,-24.9133,-3.02771,137.783,-31.7202,-3.07813,137.819,-27.9393,-23.3981,134.5,-26.3516,-25.7134,133.963,-29.6525,-40.4951,132.555,-16.8129,-36.4063,132.534,-14.8672,-40.4951,132.555,-16.8129,-46.0192,131.013,1.85268,-41.2687,130.968,1.91645,-36.4063,132.534,-14.8672,-40.1832,132.774,19.6915,-36.044,132.717,17.8563,-26.064,133.67,32.8376,-23.6614,134.145,29.5898,-10.9216,136.985,35.266,-10.8742,136.951,31.715,7.68413,141.875,37.2033,-1.20033,139.875,32.1643,-1.27228,139.927,37.5603,7.75396,141.825,31.9662,18.2417,143.169,33.337,34.632,146.521,20.5238,30.5713,145.627,18.5872,15.9264,142.632,30.0361,36.0866,146.612,2.7845,40.8046,147.623,2.83769,37.186,136.469,-14.8611,21.1423,132.867,-28.04,-0.947139,128.072,-31.5991,-23.6329,124.252,-29.5314,-41.9662,122.481,-16.7356,-41.9662,122.481,-16.7356,-47.4903,120.939,1.92994,-41.6543,122.7,19.7687,-23.9835,123.96,32.9587,-8.84099,127.274,35.3871,10.1414,130.406,37.3464,1.18504,128.458,37.7034,20.3223,133.459,33.4582,36.7126,136.811,20.6449,42.8851,137.913,2.95883,33.0749,135.611,-13.0167,18.7396,132.393,-24.7922,-0.997553,128.108,-27.8182,-21.3176,124.789,-26.2304,-37.8773,122.461,-14.79,-42.7398,120.895,1.99372,-37.8773,122.461,-14.79,-37.5151,122.644,17.9335,-21.5808,124.434,29.711,-8.79363,127.24,31.8361,1.25699,128.406,32.3074,10.2113,130.356,32.1093,32.6519,135.916,18.7084,18.0069,132.922,30.1572,38.1672,136.901,2.90564,18.7396,132.393,-24.7922,33.0749,135.611,-13.0167,16.6591,142.104,-24.9133,30.9943,145.322,-13.1378,-0.997553,128.108,-27.8182,-3.07813,137.819,-27.9393,-21.3176,124.789,-26.2304,-23.3981,134.5,-26.3516,-37.8773,122.461,-14.79,-36.4063,132.534,-14.8672,-42.7398,120.895,1.99372,-37.8773,122.461,-14.79,-41.2687,130.968,1.91645,-36.4063,132.534,-14.8672,-37.5151,122.644,17.9335,-36.044,132.717,17.8563,-21.5808,124.434,29.711,-23.6614,134.145,29.5898,-8.79363,127.24,31.8361,-10.8742,136.951,31.715,10.0229,131.235,32.0984,-1.01195,138.996,32.1753,7.94234,140.946,31.9772,1.06862,129.285,32.2964,18.0069,132.922,30.1572,30.5713,145.627,18.5872,32.6519,135.916,18.7084,15.9264,142.632,30.0361,38.1672,136.901,2.90564,36.0866,146.612,2.7845,-11.1324,137.881,36.9411,-11.0626,137.83,31.704,-8.6751,126.412,37.0842,-8.60526,126.361,31.8471,7.89602,140.979,35.451,7.94234,140.946,31.9772,9.97659,131.269,35.5721,10.0229,131.235,32.0984,-1.20033,139.875,32.1643,7.75396,141.825,31.9662,10.2113,130.356,32.1093,1.25699,128.406,32.3074,-11.0626,137.83,31.704,-8.60526,126.361,31.8471]},"normal":{"type":"float32","components":3,"data":[-0.757287,0.4087,0.509393,-0.914804,0.0497022,-0.400828,-0.90746,0.0497022,0.417189,-0.766311,0.4087,-0.495713,0.0168593,0.395512,0.918306,0.897222,-0.196935,-0.395234,0.00036778,0.395512,-0.918461,0.904174,-0.196936,0.37906,0.904174,-0.196936,0.37906,0.74688,-0.542312,-0.384795,0.897222,-0.196935,-0.395234,0.753669,-0.542312,0.371322,0.753669,-0.542312,0.371322,-0.914804,0.0497022,-0.400828,0.74688,-0.542312,-0.384795,-0.90746,0.0497022,0.417189,0.904174,-0.196936,0.37906,0.0168593,0.395512,0.918306,0.753669,-0.542312,0.371322,0.74688,-0.542312,-0.384795,0.897222,-0.196935,-0.395234,0.00036778,0.395512,-0.918461,0.305866,0.364562,-0.879511,-0.795036,0.340008,0.502307,0.681575,0.476229,-0.555573,-0.437598,0.371755,0.818722,-0.0257537,0.291885,-0.956107,-0.104726,0.380682,0.918756,0.253853,0.47519,0.842469,-0.379603,0.24842,-0.891173,-0.764806,0.356606,-0.536567,0.699977,0.436186,0.565486,-0.764806,0.356606,-0.536567,-0.902494,0.430663,0.00587482,0.929025,0.369755,-0.0139423,0.699977,0.436186,0.565486,-0.764049,0.371688,0.52733,0.711674,0.420662,-0.56264,-0.464851,0.257929,0.846987,0.361163,0.44182,-0.821192,-0.376594,0.212549,0.901665,0.0416615,0.230976,-0.972067,0.0609602,0.452386,0.889736,-0.202081,0.963447,-0.175879,-0.0977209,0.400225,0.911192,-0.133628,0.974449,-0.180534,0.375222,0